          100.000000
          106.000000
          112.000000
          118.000000
          125.000000
          132.000000
          140.000000
          150.000000
          160.000000
          170.000000
          180.000000
          190.000000
          200.000000
          212.000000
          224.000000
          236.000000
          250.000000
          265.000000
          280.000000
          300.000000
          315.000000
          335.000000
          355.000000
          375.000000
          400.000000
          425.000000
          450.000000
          475.000000
          500.000000
          530.000000
          560.000000
          600.000000
          630.000000
          670.000000
          710.000000
          750.000000
          800.000000
          850.000000
          900.000000
          950.000000
         1000.000000
         1060.000000
         1120.000000
         1180.000000
         1250.000000
         1320.000000
         1400.000000
         1500.000000
         1600.000000
         1700.000000
         1800.000000
         1900.000000
         2000.000000
         2120.000000
         2240.000000
         2360.000000
         2500.000000
